[0,0]: 54 254 296 414 449 772 805 1010 1213 1232 1261 1412 1415 1582 1683 1717 1773 1804 2138 2165 2186 2400 2438 2532 2656 2692 2870 3105 3271 3513 3800 3820 3874 3875 3895 4229 4377 4396 4409 4506 4540 4667 4710 4757 5182 5450 5470 5485 5516 5660 5864 5916 5960 6095 6189 6224 6255 6271 6302 6473 6536 6623 6648 6778 6806 6966 6972 6994 7009 7021 7088 7495 7504 7545 7600 7654 7668 8019 8095 8104 8293 8317 8356 8498 8528 8749 8755 8820 8921 8964 8979 9072 9101 9308 9338 9386 9390 9470 9501 9630 9782 9871 
[0,1]: 22 107 139 277 377 505 635 696 733 896 1046 1155 1202 1276 1478 1568 1742 1772 1836 1877 1993 2120 2266 2348 2368 2516 2583 2778 3000 3081 3082 3087 3159 3252 3293 3520 3531 3878 3923 3959 4242 4405 4420 4840 5185 5270 5314 5317 5319 5394 5515 5620 5632 5924 6022 6035 6159 6182 6190 6235 6257 6503 6512 6524 6587 6594 6749 6831 6879 6909 6917 6923 7051 7119 7141 7190 7287 7324 7427 7441 7751 7850 7902 8051 8138 8214 8234 8617 8635 8647 8681 8716 8842 9029 9079 9458 9496 9604 9648 9661 9667 
[0,2]: 6 15 53 76 141 724 956 1428 1493 1503 1551 1580 1906 2033 2052 2163 2200 2231 2235 2256 2312 2354 2564 2869 3047 3063 3095 3113 3137 3208 3414 3540 3678 3899 3992 4395 4445 4479 4517 4593 4715 4786 4809 4943 4964 5008 5102 5154 5252 5425 5615 5698 5812 6215 6231 6266 6381 6491 6511 6561 6674 6676 7054 7069 7087 7157 7219 7281 7428 7496 7560 7653 7718 7851 7903 7937 8088 8176 8247 8481 8483 8602 9021 9212 9216 9715 9831 9924 9998 
[0,3]: 116 276 340 366 614 800 933 982 1056 1065 1153 1358 1367 1460 1521 1584 1699 1869 1969 2089 2380 2557 2585 2825 2873 3102 3114 3140 3195 3221 3324 3325 3326 3349 3482 3761 3803 3846 3861 3893 4017 4111 4160 4185 4203 4275 4311 4313 4371 4550 4713 4941 4982 5231 5294 5390 5478 5566 5581 5586 5658 5724 5774 5831 6087 6295 6528 6660 6691 6693 6729 7122 7284 7288 7365 7540 7702 7760 7762 7908 8081 8098 8160 8266 8273 8325 8383 8595 8674 8780 8804 8851 9311 9596 9733 9918 9968 
[0,4]: 12 69 174 345 553 698 713 767 864 1208 1394 1421 1423 1571 1658 1732 1767 1995 2031 2042 2278 2463 2489 2509 2581 2611 2738 2847 2861 2890 2941 3044 3224 3255 3504 3549 3600 3632 3714 3745 3831 3912 4086 4312 4485 4551 4560 4597 4625 4741 4847 4940 5017 5033 5081 5114 5374 5428 5549 5652 5699 5803 5994 6213 6247 6341 6663 6684 6698 6746 6935 6993 7046 7109 7118 7135 7178 7231 7269 7279 7321 7477 7564 7615 7626 7740 7750 7864 7892 8237 8437 8477 8581 8582 8633 8760 8818 8824 8911 8981 9329 9367 9589 9629 9925 
[0,5]: 75 162 185 322 464 518 639 726 755 861 919 973 1031 1075 1079 1111 1148 1191 1216 1251 1398 1445 1479 1630 1657 1774 1823 1912 1936 1967 1979 1989 2020 2079 2092 2376 2645 2670 2675 3238 3302 3343 3419 3638 3730 3742 3817 3892 3936 3947 4132 4211 4248 4350 4356 4572 4594 4598 4789 4867 4902 5022 5027 5139 5346 5370 5421 5610 5705 5778 5878 5932 5937 5959 5966 6046 6104 6220 6248 6370 6462 6603 6619 6718 6808 6981 6988 7065 7113 7186 7338 7413 7471 7512 7532 7535 7593 7880 8419 8480 8518 8640 8774 9504 9575 9619 9743 9800 9807 9842 9879 9904 
[0,6]: 18 148 180 187 404 420 552 615 650 732 869 886 1054 1142 1365 1770 1855 1966 2019 2172 2409 2419 2625 2786 2789 2799 2818 2824 2826 3005 3092 3176 3344 3452 3477 3573 3650 3673 3675 3764 3799 3823 3873 4110 4112 4131 4164 4199 4247 4358 4386 4457 4502 4784 4863 4948 5010 5271 5408 5513 5542 5600 5861 5918 5955 5975 6039 6077 6201 6212 6275 6393 6410 6411 6464 6586 6761 6767 6837 6948 7003 7011 7028 7194 7213 7367 7421 7455 7457 7478 7501 7549 7596 7672 7719 7734 7907 7924 8196 8332 8365 8372 8559 8909 8942 8943 9096 9238 9333 9482 9506 9634 9639 9813 9870 9917 9989 
[0,7]: 226 349 359 385 418 535 647 666 813 844 884 998 1187 1265 1322 1376 1486 1518 1541 1575 1901 1919 1941 2195 2333 2449 2452 2857 3199 3260 3274 3289 3370 3669 3749 3818 3852 3884 3885 3906 4053 4214 4284 4331 4469 4547 4548 4643 4768 4993 5388 5482 5523 5788 5986 6319 6328 6379 6415 6448 6763 6819 7053 7073 7123 7505 7699 7968 7987 8087 8129 8158 8171 8268 8336 8687 8753 8773 8816 8856 8871 9181 9282 9395 9405 9450 9703 9789 
[0,8]: 462 621 792 891 1047 1069 1084 1166 1239 1244 1293 1627 1861 2028 2087 2178 2343 2512 2521 2864 3059 3262 3355 3451 3453 3518 3620 3658 3661 3900 4048 4080 4163 4207 4279 4527 4765 4787 4827 5186 5218 5307 5359 5368 5609 5649 5712 5771 5904 6006 6026 6116 6261 6412 6441 6559 6578 6748 6796 7375 7620 7630 7651 7881 7894 7948 8111 8624 8627 8646 8817 8869 9099 9110 9120 9400 9498 9507 9577 9591 
[0,9]: 118 269 384 407 507 765 852 872 908 968 1248 1542 1638 1757 2093 2135 2169 2236 2378 2445 2628 2735 2768 2802 2868 3387 3481 3568 3586 3622 3689 3782 3911 3940 4170 4182 4188 4200 4269 4310 4314 4691 4968 4989 5055 5172 5201 5366 5407 5661 5665 5685 6066 6112 6141 6178 6179 6270 6419 6421 6540 6992 7038 7177 7226 7447 7454 7612 7687 7883 7941 8094 8107 8139 8251 8424 8542 8670 8719 9028 9396 9415 9949 9979 
[1,0]: 9 97 168 344 402 467 609 619 664 1194 1207 1311 1586 1632 1727 1902 1973 2057 2059 2313 2410 2508 2517 2540 2654 2661 2702 3242 3247 3304 3322 3459 3470 3509 3785 3808 3854 3858 3862 3930 4118 4125 4138 4510 4608 4711 4763 4972 5050 5184 5244 5261 5419 5443 5607 5689 5735 5933 6110 6209 6246 6486 6547 6591 6607 6719 6802 6842 7078 7079 7192 7236 7295 7398 7418 7492 7518 7823 7862 7909 7956 7973 8003 8034 8058 8124 8326 8354 8605 8717 8802 8895 9065 9163 9177 9229 9454 9573 9737 9995 
[1,1]: 90 208 301 339 365 378 380 417 439 474 653 790 878 911 954 1279 1355 1408 1483 1497 1598 1606 1652 1656 1684 1718 1719 1801 1843 1891 2011 2032 2082 2123 2189 2415 2427 2495 2663 2842 2878 2944 3215 3281 3393 3494 3584 3633 3720 3815 3867 3993 3998 4049 4057 4438 4470 4492 4512 4714 4730 4950 4965 5014 5084 5237 5387 5401 5592 5641 5675 5738 5866 5938 6011 6085 6172 6207 6404 6429 6557 6901 6928 7152 7222 7459 7677 7765 7791 7798 7845 7925 8004 8014 8067 8217 8241 8259 8637 8831 8850 8915 8923 9014 9134 9140 9188 9298 9323 9372 9497 9656 9839 
[1,2]: 89 111 134 167 200 210 278 284 333 410 468 602 661 679 683 708 721 845 873 909 1025 1131 1171 1230 1501 1624 1749 1798 1825 2053 2255 2321 2586 2617 2719 3007 3202 3269 3306 3656 3657 3698 3891 3955 4015 4045 4142 4198 4216 4338 4365 4491 4648 4966 5096 5160 5193 5312 5380 5783 6157 6200 6221 6273 6299 6306 6347 6553 6612 6720 6871 6888 7033 7134 7159 7189 7310 7394 7486 7499 7601 7648 7730 7738 7741 7784 7855 8121 8133 8167 8236 8288 8375 8491 8517 8521 8606 8946 9152 9219 9225 9602 9641 9714 9786 9821 9867 9934 9958 
[1,3]: 264 298 355 555 761 906 1290 1407 1411 1459 1764 1886 2029 2078 2176 2203 2276 2390 2545 2833 2874 2892 2938 3144 3258 3299 3323 3334 3455 3488 3710 3902 3904 3968 4091 4254 4296 4339 4380 4389 4402 4523 4676 4677 4980 5032 5088 5140 5156 5208 5303 5447 5509 5522 5582 5799 5822 5841 6033 6334 6373 6673 6759 6814 6938 7097 7193 7278 7320 7410 7731 7785 7911 8053 8575 8845 8873 8886 8937 9055 9304 9700 9724 9886 9926 
[1,4]: 59 241 323 327 408 475 508 637 927 1000 1019 1201 1316 1413 1618 1826 1894 2072 2145 2238 2367 2385 2404 2407 2510 2526 2546 2619 2726 3050 3073 3148 3345 3448 3652 3701 3735 3842 3995 4006 4155 4167 4258 4285 4319 4347 4381 4673 4679 4864 5155 5277 5391 5528 5587 5590 5603 5624 5677 5839 5947 6023 6067 6080 6090 6107 6163 6168 6194 6210 6216 6322 6338 6400 6449 6530 6579 6664 6725 6734 6815 7002 7166 7180 7197 7440 7449 7451 7538 7574 7682 7743 7770 7835 7951 7977 7991 8163 8199 8228 8286 8359 8407 8444 8609 8643 8847 8868 8962 8974 8980 9015 9043 9083 9190 9196 9252 9328 9335 9409 9475 9631 
[1,5]: 41 93 151 219 246 376 435 438 453 457 534 580 882 890 899 1214 1388 1650 1692 1983 1986 2097 2128 2150 2381 2687 2716 2827 2879 3149 3189 3237 3329 3447 3475 3515 3822 3949 4047 4201 4212 4260 4266 4539 4742 4785 4804 4810 5543 5727 5804 5837 5868 6010 6073 6124 6164 6166 6387 6526 6539 6552 6617 6707 6846 6949 6957 7336 7342 7388 7446 7469 7579 7670 7711 7723 7724 7787 7833 7900 8175 8272 8296 8645 8653 8757 8776 8896 8899 9086 9087 9324 9379 9568 9669 9769 9896 9923 9993 
[1,6]: 129 153 175 192 250 259 361 362 559 618 754 784 944 950 959 1028 1064 1067 1082 1085 1114 1147 1156 1160 1178 1307 1317 1364 1477 1738 1745 1795 1976 2514 2553 2588 2641 2691 2739 2937 3320 3445 3506 3519 3528 3529 3539 3789 3795 3840 3886 3921 4030 4059 4123 4286 4325 4397 4816 4918 4939 5078 5101 5117 5234 5262 5285 5449 5583 5596 5659 5682 5805 5887 6014 6040 6084 6109 6177 6239 6355 6405 6479 6669 6710 6770 6810 6822 6931 6961 7056 7074 7215 7754 7838 8015 8065 8108 8153 8499 8532 8639 8654 8662 9131 9234 9278 9301 9392 9761 9797 9947 9987 
[1,7]: 121 144 195 245 430 451 520 641 871 1004 1099 1167 1345 1432 1938 2110 2190 2261 2324 2413 2652 2659 2796 2848 3098 3121 3201 3404 3594 3615 3646 3654 3685 3848 3967 3979 4106 4128 4145 4146 4238 4538 4628 4645 4688 4707 5009 5118 5203 5242 5352 5422 5545 5633 5753 5768 5836 5914 5929 5968 5974 6171 6175 6214 6238 6283 6583 6638 6696 6700 6765 6941 7242 7349 7432 7476 7727 7796 7967 7992 8021 8102 8172 8304 8448 8546 8607 8720 8841 8888 8953 9227 9341 9404 9491 9525 9594 9674 9716 9773 9775 9901 
[1,8]: 50 142 202 230 291 317 324 403 519 526 539 561 823 920 1001 1041 1050 1081 1143 1177 1268 1306 1414 1485 1609 1712 1802 1988 2000 2038 2198 2580 2602 2666 2673 2690 2701 2718 2725 2734 2783 2831 2877 3109 3155 3366 3427 3493 3639 3765 4197 4327 4341 4432 4584 4637 4650 4913 4959 5059 5108 5113 5321 5332 5338 5393 5468 5507 5597 5707 5917 5984 6277 6573 6704 6705 6858 6918 7016 7048 7362 7485 7997 8041 8185 8277 8295 8309 8340 8428 8492 8539 8655 8691 8721 8849 8947 9064 9198 9285 9292 9332 9398 9553 9603 9726 9866 9963 9965 
[1,9]: 71 99 308 461 529 570 638 652 738 855 974 1061 1309 1324 1399 1425 1434 1487 1642 1815 1839 2091 2330 2377 2386 2471 2519 2635 2720 2836 2867 2952 2953 2957 2988 3026 3156 3179 3339 3346 3501 3577 3653 3844 3988 3991 4007 4031 4166 4228 4388 4615 4739 4882 4963 5004 5075 5178 5315 5533 6018 6148 6251 6488 6515 6545 6799 6824 6870 6977 7044 7068 7148 7220 7414 7443 7448 7466 7552 7747 7772 7781 7790 7915 7928 8128 8314 8341 8342 8358 8371 8450 8452 8513 8531 8788 8876 8906 9094 9122 9156 9257 9270 9452 9467 9481 9584 9806 9986 9988 
[2,0]: 5 145 312 320 655 685 722 810 1022 1036 1072 1162 1339 1647 1793 1806 1833 1864 1885 1930 2050 2121 2134 2248 2294 2340 2433 2543 2548 2657 2773 2838 2885 3014 3077 3147 3167 3178 3371 3915 3997 4068 4092 4156 4274 4416 4503 4987 5132 5171 5187 5206 5255 5326 5328 5402 5452 5546 5642 5801 5888 5903 6028 6036 6055 6193 6469 6480 6495 6533 6570 6631 6769 6840 6865 6962 7140 7235 7240 7291 7473 7607 7775 8042 8060 8135 8307 8668 8968 9073 9130 9318 9420 9675 9682 9763 9864 9877 
[2,1]: 80 126 282 363 416 458 568 785 791 925 1074 1137 1144 1303 1427 1506 1545 1572 1759 1785 1921 2088 2192 2224 2233 2351 2355 2373 2405 2453 2483 2494 2622 2750 2784 2958 2960 3036 3103 3151 3197 3308 3332 3428 3555 3738 3801 4215 4344 4519 4561 4658 4803 4850 4908 4999 5029 5061 5067 5083 5480 5588 5628 5747 5759 5824 5965 6003 6197 6326 6408 6600 6654 6662 6667 6683 6744 7008 7081 7162 7673 7876 8037 8047 8289 8319 8323 8485 8487 8523 8530 8545 8569 8759 8954 8985 9125 9154 9192 9249 9352 9609 9646 
[2,2]: 24 92 218 307 441 740 793 801 980 1132 1139 1195 1199 1391 1516 2039 2104 2143 2148 2155 2217 2307 2454 2883 3034 3187 3365 3434 3570 3607 3649 3783 3887 3905 3975 4085 4176 4590 4756 4767 4781 5000 5074 5080 5091 5110 5127 5602 5702 5835 5971 5996 6043 6793 6894 7248 7369 7468 7515 7661 7725 7806 7930 7975 8025 8055 8154 8227 8230 8315 8460 8577 8578 8675 8740 8919 9067 9199 9215 9232 9291 9306 9327 9429 9446 9556 9627 9788 9853 9881 9902 
[2,3]: 14 371 654 786 912 976 1229 1292 1370 1662 1723 1791 1952 1955 2152 2154 2395 2457 2474 2922 3025 3186 3246 3287 3341 3356 3512 3525 3574 3672 3718 3732 3870 3882 4040 4193 4353 4361 4424 4496 4583 4641 4652 4669 4817 5056 5148 5514 5575 5672 5703 5823 5827 5846 5902 6052 6158 6187 6263 6311 6443 6446 6453 6598 6717 7067 7091 7312 7345 7346 7646 7825 7834 7921 7953 8016 8018 8057 8126 8208 8367 8553 8683 8891 8935 8996 9195 9207 9359 9725 9893 9975 
[2,4]: 57 130 161 351 389 550 601 701 735 815 857 895 965 1035 1282 1321 1329 1512 1957 1971 1990 2009 2062 2073 2179 2229 2342 2353 2455 2623 2632 2771 2811 2994 3035 3052 3152 3236 3261 3360 3486 3606 3728 3760 3837 4139 4378 4511 4528 4573 4588 4690 4701 4871 4879 4951 4954 5125 5152 5250 5348 5601 5726 5760 6100 6265 6362 6494 6506 6532 6635 6733 6845 6866 6898 6910 6984 7089 7170 7171 7196 7302 7339 7341 7374 7395 7494 7520 7542 7614 7629 7675 7768 7843 7918 8006 8011 8084 8201 8368 8410 8411 8615 8636 8706 8722 8806 8958 9121 9205 9259 9402 9432 9529 9633 9659 9732 9741 9971 
[2,5]: 20 55 132 299 367 488 590 657 669 711 930 1110 1246 1360 1366 1400 1552 1600 1679 1715 1726 1837 1968 2070 2100 2142 2412 2695 2737 2766 3100 3111 3122 3229 3257 3317 3927 3966 4342 4343 4385 4428 4559 4620 4716 4782 5076 5167 5241 5399 5617 5644 5654 5692 5780 5806 5853 6008 6417 6474 6576 6735 6809 7085 7169 7207 7232 7272 7335 7400 7480 7484 7521 7563 7611 7829 7922 7932 8197 8329 8398 8688 8765 8789 8860 8878 8928 8948 9066 9266 9414 9459 9465 9468 9469 9508 9615 9688 9694 9810 9985 
[2,6]: 32 44 138 213 300 746 758 821 880 897 1341 1361 1481 1664 1680 1685 1720 1790 1827 1859 2010 2012 2161 2282 2365 2425 2428 2436 2511 2535 2582 2596 2607 2609 2758 2997 3037 3074 3336 3372 3396 3500 3547 3716 3957 4026 4209 4321 4329 4570 4581 4733 4737 4743 4974 5066 5104 5159 5164 5382 5871 5883 5895 6222 6228 6339 6424 6435 6438 6861 6964 7130 7243 7536 7606 7706 7989 7996 8009 8073 8122 8156 8191 8294 8507 8562 9092 9161 9561 9665 9748 9811 9829 9856 
[2,7]: 45 88 209 237 398 544 921 989 1021 1078 1233 1264 1333 1466 1644 1766 1867 1903 2323 2466 2649 2651 2679 2805 2854 2956 3055 3275 3278 3352 3373 3492 3565 3775 3793 3933 4028 4074 4114 4255 4516 4562 4586 4904 4932 4944 5168 5256 5499 5890 6004 6068 6289 6487 6703 6721 6736 6874 7108 7353 7407 7431 7821 7890 7897 8119 8256 8264 8511 8557 8713 8874 8956 8984 9003 9107 9521 9541 9560 9734 9874 9916 9932 
[2,8]: 146 189 279 391 444 446 604 646 677 936 1136 1176 1179 1343 1393 1596 1671 1945 2095 2230 2435 2527 2577 2759 2775 2794 2979 3030 3118 3407 3465 3480 3581 3939 4022 4140 4243 4349 4451 4614 4640 4686 4917 5161 5162 5279 5519 5550 5560 5732 5985 5997 6149 6155 6219 6353 6434 6471 6482 6605 6634 6643 6783 6813 6982 7072 7120 7185 7274 7465 7558 7595 7624 7664 8013 8066 8225 8386 8458 8571 8630 8648 8663 8744 8889 8983 8995 9001 9016 9097 9391 9494 9772 9785 
[2,9]: 35 36 128 217 242 258 280 302 386 510 620 670 674 717 718 825 978 979 997 1093 1146 1286 1300 1437 1502 1578 1736 1830 1849 1896 1922 1925 1963 1975 2222 2225 2300 2486 2658 2706 2797 2914 2923 3023 3028 3131 3190 3256 3424 3462 3647 3757 3759 3773 3894 3945 4023 4076 4130 4158 4295 4303 4330 4351 4543 4576 4600 4689 4842 5131 5179 5322 5492 5524 5752 5787 5849 6081 6151 6286 6378 6426 6604 6633 6739 6818 7061 7098 7209 7237 7316 7691 7733 7804 7819 7886 7889 7914 7982 8078 8211 8216 8807 8880 9035 9095 9230 9336 9431 9600 9605 9691 9784 9860 9882 
[3,0]: 194 281 285 334 338 525 543 645 737 822 841 977 999 1090 1121 1274 1319 1336 1377 1402 1555 1593 1689 1711 1713 1915 2391 2393 2414 2496 2807 2939 2964 2995 3019 3141 3226 3400 3919 4019 4069 4210 4221 4240 4268 4456 4717 4738 5058 5310 5311 5379 5414 5518 5730 6007 6042 6075 6188 6260 6364 6367 6437 6618 6657 6740 6836 6875 7223 7424 7705 7799 7873 7877 7879 8056 8064 8178 8382 8408 8433 8451 8540 8616 8735 8737 8771 8813 9039 9108 9142 9143 9146 9378 9536 9581 9624 9869 9907 9927 9940 
[3,1]: 155 173 395 466 577 600 651 773 1236 1285 1416 1535 1660 1691 1735 1933 2096 2133 2144 2194 2214 2752 3068 3203 3213 3296 3644 3666 3768 3838 4071 4501 4575 4605 4764 4845 4854 4975 5031 5085 5197 5405 5442 5496 5673 5721 5951 6030 6031 6047 6150 6206 6508 6520 6616 6639 6797 6862 6904 6929 6987 6995 7024 7163 7205 7282 7290 7300 7526 7575 7635 7776 7861 7895 7906 7920 7961 8049 8169 8222 8265 8430 8574 8621 8794 8834 9042 9057 9384 9728 9755 9770 9851 
[3,2]: 2 79 84 171 287 445 636 643 744 802 875 996 1108 1190 1262 1330 1403 1431 1744 1755 1880 1898 1908 2085 2137 2243 2279 2303 2352 2422 2562 2816 2830 2926 3094 3249 3303 3337 3395 3522 3530 3538 3676 3703 3954 3989 4129 4252 4320 4383 4579 4599 4698 4777 4798 4830 4834 4843 4877 4973 5116 5229 5251 5257 5281 5430 5465 5484 5552 5674 5734 5775 5810 5907 5921 5934 6071 6088 6284 6371 6390 6467 6510 6652 6779 7175 7210 7433 7470 7530 7649 7709 7716 7745 7800 8123 8147 8173 8183 8355 8689 8756 8770 8819 8959 9104 9251 9356 9442 9569 9616 9618 9696 9798 9832 9936 9977 
[3,3]: 0 64 197 228 396 521 536 634 851 916 981 1009 1011 1014 1024 1185 1215 1253 1390 1523 1603 1696 1724 1882 1956 2102 2117 2125 2213 2246 2397 2423 2439 2528 2629 3048 3115 3207 3446 3449 3604 3611 3629 3717 3747 3755 3888 3984 4152 4265 4442 4461 4472 4699 4712 4718 4728 4806 5005 5044 5073 5093 5192 5224 5266 5293 5373 5526 5562 5817 5995 6361 6366 6477 6509 6588 6624 6630 6655 6932 6975 7004 7035 7106 7315 7328 7361 7439 7617 7619 7789 7870 7874 7972 8680 8708 8809 9027 9030 9112 9128 9167 9173 9244 9653 9922 
[3,4]: 68 325 369 387 448 501 540 881 960 1224 1252 1574 1576 1667 1737 1890 2493 2498 2744 2829 2919 3032 3172 3188 3312 3426 3625 3688 3791 3920 3932 4225 4375 4429 4611 4770 4776 4802 4824 4921 4936 5214 5215 5463 5473 5479 5525 5555 5580 5631 5637 5762 5826 5893 5928 6185 6208 6314 6622 6893 7303 7305 7368 7553 7569 7753 7783 7788 7801 7812 7947 7954 7970 8061 8200 8255 8673 8827 8897 9013 9031 9061 9153 9197 9248 9320 9374 9428 9535 9595 9628 9889 9978 
[3,5]: 83 350 524 558 731 749 804 877 1059 1245 1379 1442 1449 1461 1504 1567 2037 2041 2115 2334 2544 2589 2644 2686 3433 3779 3833 4282 4324 4520 4565 4589 4671 4748 4886 4890 4906 4967 5064 5169 5227 5455 5621 5640 5663 5693 5814 5886 6092 6230 6325 6331 6451 6466 6546 6599 6724 6754 6764 6771 6791 6838 6900 7147 7332 7385 7391 7406 7698 7722 7795 7817 7979 8149 8302 8347 8381 8401 8415 8535 8879 8976 9050 9076 9158 9202 9253 9265 9276 9326 9489 9532 9557 9580 9668 9670 9801 9827 9852 9894 
[3,6]: 265 442 533 888 1006 1173 1288 1363 1473 1520 1561 1573 1648 1661 1939 2015 2080 2188 2387 2858 2977 2984 2985 3045 3153 3184 3248 3388 3496 3498 3635 4072 4580 4984 5002 5107 5158 5209 5272 5318 5571 5862 5896 5956 6132 6134 6447 6497 6550 6558 6582 6592 6625 6627 6737 6756 6832 6834 6944 6973 6974 6990 7041 7049 7083 7173 7547 7556 7585 7594 7923 8000 8380 8417 8454 8472 8494 8715 8941 9044 9053 9063 9439 9566 9647 9746 9776 9891 
[3,7]: 104 160 179 370 712 807 816 910 937 942 992 1002 1077 1254 1266 1607 1621 1697 1835 1985 2103 2136 2181 2196 2220 2305 2671 2832 2927 3117 3239 3266 3348 3383 3412 3569 3593 3599 3680 3686 3871 3897 4016 4121 4245 4348 4387 4606 4613 4685 4812 4846 4848 4909 5126 5606 5701 5754 5802 5838 5856 6002 6020 6236 6249 6291 6310 6343 6470 6489 6502 6538 6908 6927 6998 7199 7216 7348 7399 7409 8068 8092 8223 8278 8414 8495 8799 8840 8912 8977 8991 9084 9160 9403 9435 9463 9516 9538 9565 9592 9736 9815 9955 9966 9973 
[3,8]: 113 152 319 348 354 373 381 394 399 412 423 447 487 504 506 693 694 879 964 1080 1247 1615 1666 1707 1778 2202 2290 2335 2389 2531 2674 2820 2887 2901 2904 3057 3091 3132 3170 3368 3483 3526 3612 3679 3693 3696 3715 3774 3839 4090 4169 4205 4277 4345 4403 4480 4531 4841 4927 4985 5015 5134 5188 5228 5308 5376 5444 5529 5714 5736 5761 5875 5949 5957 5983 6083 6086 6146 6346 6397 6461 6501 6556 6827 6864 6907 6960 6965 7005 7156 7176 7331 7364 7402 7513 7773 7803 7808 7844 7931 7964 8050 8344 8475 8514 8515 8552 8631 8676 8693 8710 8731 8764 8775 8903 9008 9180 9735 9825 9835 
[3,9]: 124 261 310 342 443 648 688 814 887 987 1256 1280 1654 1693 1751 1758 1779 1858 2063 2308 2383 2559 2566 2618 2699 2731 2754 2814 2881 2898 3090 3364 3643 3734 3909 4066 4115 4133 4150 4190 4218 4250 4304 4333 4367 4430 4567 5035 5142 5236 5728 5749 5842 5855 5930 6051 6097 6290 6324 6476 6593 6602 6687 6752 7037 7112 7191 7218 7280 7299 7319 7551 7769 7935 8071 8140 8157 8192 8409 8423 8558 8567 8604 8750 8882 9091 9116 9139 9236 9263 9299 9316 9337 9530 9664 9679 9681 9704 9710 
[4,0]: 25 60 105 289 485 489 560 727 867 902 938 983 1287 1325 1335 1386 1430 1509 1554 1616 1641 1704 1746 1914 1920 1954 2167 2184 2331 2332 2709 2723 2728 2749 2908 2950 2991 3031 3096 3099 3129 3338 3608 3856 4318 4376 4703 4860 4953 5177 5349 5353 5363 5367 5411 5568 5594 5748 6024 6111 6167 6333 6440 7198 7489 7701 7901 8026 8096 8186 8274 8311 8320 8373 8441 8478 8490 8496 8603 8745 8853 8855 8898 8938 8975 8998 9032 9145 9168 9200 9416 9471 9636 9637 9738 9752 9969 9982 
[4,1]: 37 46 149 426 514 584 613 788 859 940 986 993 1003 1109 1180 1559 1620 1807 1942 2017 2245 2322 2499 2574 2576 2668 2685 3010 3112 3194 3212 3422 3479 3554 3810 3868 4315 4411 4417 4483 4564 4694 4813 5079 5087 5095 5253 5305 5325 5342 5377 5392 5418 5427 5506 5584 5622 5639 5779 5792 5940 5982 6115 6280 6386 6399 6611 6876 6940 7137 7160 7233 7528 7686 7735 7736 7885 7958 7980 8001 8036 8226 8250 8279 8379 8462 8723 8952 9049 9220 9275 9284 9611 9699 9935 
[4,2]: 28 125 143 154 238 433 624 695 716 820 836 870 951 1066 2272 2325 2406 2636 3022 3145 3154 3234 3250 3379 3413 3454 3619 3743 3853 3855 3860 4002 4136 4227 4234 4262 4276 4530 4545 4592 4708 4736 4766 4788 5287 5297 5561 5569 5676 5700 5764 5809 6145 6234 6237 6287 6374 6425 6590 6621 6650 6668 6708 6807 6855 7031 7104 7229 7347 7356 7371 7423 7643 7981 8012 8291 8298 8338 8392 8456 8536 8793 8931 9068 9080 9169 9239 9258 9277 9408 9413 9422 9434 9517 9539 9614 9650 9678 9961 
[4,3]: 198 206 271 428 470 625 714 769 808 929 1068 1107 1443 1492 1769 1809 1978 2114 2141 2162 2475 2900 2925 3042 3220 3403 3491 3624 3724 3914 4000 4064 4087 4108 4181 4294 4415 4481 4534 4585 4684 4744 4761 4800 4892 4896 4935 4979 5039 5133 5166 5199 5295 5385 5521 5553 5629 5945 6101 6279 6589 6889 7397 7550 7555 7618 7662 7714 7811 8044 8352 8497 8747 8754 8999 9022 9023 9151 9186 9267 9310 9343 9349 9371 9572 9814 9844 9890 9929 
[4,4]: 11 34 94 223 266 546 748 824 826 900 1135 1241 1291 1314 1418 1446 1452 1557 1799 1820 1874 1878 1948 1959 2157 2207 2269 2479 2570 2587 2640 2683 2770 2798 3119 3182 3425 3544 3843 3913 3952 4097 4107 4135 4555 4868 4874 4887 4962 5105 5190 5258 5273 5292 5369 5475 5481 5720 5729 5834 5873 6076 6078 6229 6316 6357 6457 6521 6632 7158 7412 7602 7608 7637 7647 7683 7693 7863 7888 8170 8327 8591 8677 9018 9172 9290 9369 9505 9706 9887 9976 
[4,5]: 257 292 341 346 374 477 687 703 830 856 970 1032 1073 1086 1302 1308 1405 1410 1491 1500 1525 1676 1701 1703 1800 1824 1994 2007 2016 2218 2247 2270 2429 2464 2613 2624 2650 2729 2741 2769 3078 3263 3578 3763 3976 4008 4009 4012 4098 4449 4468 4509 4526 4533 4654 4655 4760 4773 4791 5028 5047 5094 5137 5138 5180 5477 5970 6679 6715 6833 6848 6943 7334 7458 7644 7655 7757 8086 8155 8203 8235 8389 8435 8547 8588 8612 8613 8777 8875 8887 9069 9070 9078 9124 9147 9260 9300 9317 9745 9880 9984 
[4,6]: 131 181 235 330 656 837 924 952 995 1112 1122 1242 1465 1538 1640 1677 1841 1844 1848 1992 2068 2166 2168 2212 2234 2284 2420 2485 2810 2843 2928 3066 3084 3168 3232 3280 3385 3585 3592 3835 3937 4005 4010 4191 4398 4478 4498 4636 4647 4727 4822 4838 4914 5042 5048 5089 5112 5151 5207 5327 5540 5722 5794 5825 5858 5884 5993 6019 6057 6070 6253 6262 6413 6478 6562 6628 6777 6882 6930 6970 7019 7032 7050 7294 7333 7383 7543 7616 7636 8007 8159 8198 8261 8339 8394 8501 8632 8690 8695 8835 8836 8877 8881 8936 8963 9178 9350 9361 9421 9492 9513 9593 9643 9781 9972 
[4,7]: 102 252 364 390 432 527 567 572 585 702 840 1123 1138 1543 1629 1665 1702 1832 1834 1853 1868 1897 1907 1951 2101 2259 2733 2760 2906 3085 3276 3316 3340 3401 3468 3557 3563 3588 3636 3690 3804 3872 3924 4187 4298 4706 4750 4815 4855 4889 4926 4931 4933 5243 5429 5538 5544 5786 5789 5830 5936 6458 6490 6523 6792 6867 6880 6887 7125 7182 7276 7308 7370 7378 7386 7974 7988 8090 8100 8131 8134 8284 8473 8500 8733 8734 8811 8828 8907 8957 8987 9054 9085 9088 9089 9113 9136 9344 9380 9711 9828 9843 9957 
[4,8]: 260 382 557 898 967 1039 1100 1106 1283 1564 1733 1953 1970 2113 2193 2206 2228 2482 2504 2592 2630 2889 2896 3003 3070 3205 3254 3273 3331 3347 3389 3417 3443 3527 3590 3695 3707 4034 4038 4257 4283 4412 4554 4752 4774 4814 4858 5065 5106 5194 5195 5304 5400 5460 5573 5627 5697 5909 6021 6225 6288 6305 6555 6581 6727 6758 6789 6881 6936 6985 7323 7363 7422 7463 7529 7778 7899 8059 8077 8082 8249 8280 8318 8330 8370 8418 8533 8852 8951 9148 9214 9453 9480 9543 9751 9837 
[4,9]: 119 165 182 343 368 415 592 622 955 1125 1130 1186 1522 1577 1645 1905 2047 2164 2597 2653 2777 2929 2943 3001 3126 3142 3223 3405 3438 3473 3474 3628 3970 4148 4475 4488 4500 4574 4740 4878 4901 5100 5121 5246 5384 5512 5613 5619 5643 5688 5815 5833 5915 5961 6015 6128 6192 6245 6505 6548 6825 6852 6968 7403 8028 8075 8538 8597 8611 8761 8768 8795 9281 9312 9606 9693 9787 9791 9793 9796 9799 9888 
[5,0]: 212 232 270 388 483 948 1053 1184 1200 1238 1382 1419 1510 1690 1695 1730 1752 1780 1813 2077 2081 2131 2226 2240 2251 2461 2571 2584 2664 2672 2751 2753 2844 2876 3127 3136 3150 3180 3191 3200 3218 3627 3674 3729 3797 3965 4078 4137 4147 4206 4302 4352 4477 4595 4681 4805 4859 4872 4990 5403 5488 5497 5585 5683 5773 6012 6119 6125 6184 6572 6637 6645 6682 6926 7071 7172 7405 7461 7567 7589 7696 7847 7910 8097 8151 8303 8306 8308 8425 8449 8470 8843 9017 9351 9370 9377 9512 9677 9790 9823 9836 9892 9942 9994 
[5,1]: 203 286 288 459 741 756 863 893 917 949 1027 1158 1326 1354 1447 1455 1646 2024 2242 2341 2379 2456 2507 2518 2631 2715 2912 2970 2998 3002 3033 3046 3076 3160 3294 3295 3327 3353 3378 3618 3648 3659 3722 3736 3740 3751 3786 3961 4082 4096 4099 4165 4278 4427 4447 4587 4734 4819 5111 5217 5358 5386 5486 5547 5668 5750 5889 6096 6173 6259 6372 6817 6919 7117 7165 7430 7524 7548 7605 7764 8035 8074 8285 8321 8388 8405 8484 8503 8667 8699 8718 8785 8786 8825 9109 9118 9126 9303 9388 9417 9528 9599 9692 9742 9999 10000 
[5,2]: 43 136 204 311 479 491 500 562 672 834 842 1042 1346 1348 1494 1581 1626 1678 1739 1866 1926 1946 1996 2197 2209 2271 2362 2375 2384 2480 2578 2669 2677 2696 2793 2823 2859 2916 2935 2986 3013 3020 3683 4025 4109 4233 4332 4578 4638 4668 4758 4759 4801 4925 4957 5119 5200 5204 5235 5323 5657 5686 5777 5816 6102 6161 6196 6354 6459 6730 6856 6959 7006 7045 7142 7150 7206 7350 7415 7420 7516 7667 7690 7815 7832 7852 7927 7936 8105 8299 8334 8442 8580 8593 8743 8844 9011 9166 9191 9211 9330 9394 9912 9915 
[5,3]: 63 140 297 347 400 437 603 662 760 782 812 1017 1051 1097 1168 1474 1550 1565 2083 2201 2396 2440 2530 2575 2594 2841 2853 2942 2947 2959 3027 3089 3139 3227 3228 3282 3553 3880 4027 4041 4144 4195 4219 4270 4316 4322 4373 4464 4482 4522 4596 4693 4849 4907 4942 5071 5103 5124 5191 5424 5618 5656 5684 5784 5980 6240 6243 6420 6465 6574 6697 7070 7090 7124 7377 7393 7472 7573 7613 7707 7848 7916 8038 8204 8440 8590 8664 8782 8808 8846 9149 9283 9387 9451 9563 9574 9579 9623 9830 9857 9944 
[5,4]: 33 612 673 691 728 763 818 835 1120 1225 1263 1347 1369 1529 1560 1563 1614 1673 1768 1870 1871 2147 2182 2253 2260 2280 2285 2402 2465 2615 2745 2866 2880 2961 3009 3061 3110 3291 3305 3361 3505 3741 3771 3866 3943 3946 3962 3990 4058 4223 4288 4406 4422 4591 4601 4895 4994 5045 5128 5337 5551 5589 5742 5840 5926 6049 6153 6332 6345 6525 6560 6690 6823 6835 7110 7144 7217 7258 7527 7534 7660 7694 7708 7849 7943 7983 8054 8349 8568 8638 8641 8751 8900 9373 9456 9477 9484 9598 9701 9878 9898 9959 
[5,5]: 306 660 681 776 1045 1258 1328 1406 1438 1476 1488 1589 1687 1786 1797 1910 2045 2210 2370 2401 2403 2448 2558 2572 2722 2765 2795 2834 3209 3233 3440 3524 3601 3645 3784 3816 3910 3948 3960 4217 4335 4410 4459 4607 4617 4621 4894 5052 5077 5329 5457 5651 5793 5919 5967 5969 6079 6484 6615 6775 6811 6946 7095 7188 7460 7665 7721 7846 7963 8032 8125 8180 8276 8345 8707 8758 8865 8949 8966 9081 9082 9213 9261 9288 9393 9673 9854 9945 9991 
[5,6]: 214 220 294 372 436 484 502 513 565 630 903 1087 1204 1294 1375 1417 1594 1750 1816 1934 2018 2112 2153 2221 2345 2358 2487 2815 2882 3164 3374 3390 3399 3456 3523 3543 3664 3704 3778 3834 3964 4001 4003 4037 4056 4290 4340 4370 4382 4443 4535 4876 4915 4970 5070 5129 5147 5239 5351 5487 5559 5713 5976 5999 6065 6686 6816 6859 6878 6967 7092 7100 7444 7445 7580 7623 7689 7816 7994 8177 8188 8189 8257 8466 8486 8565 8661 8709 8742 8748 8837 8967 9038 9040 9135 9204 9254 9423 9444 9524 9720 9771 9875 9933 9953 9960 
[5,7]: 85 169 184 427 541 545 632 750 762 770 894 943 1013 1231 1548 1569 1838 1937 2040 2069 2208 2411 2441 2560 2599 2604 2633 2698 2803 2871 3054 3079 3169 3421 3798 3809 3929 3935 3996 4055 4093 4149 4244 4299 4401 4414 4441 4631 4662 4724 4869 5324 5335 5471 5532 5599 5623 5634 5939 5946 6276 6351 6483 6689 6723 6897 6933 7103 7136 7146 7221 7265 7311 7425 7824 7985 8022 8245 8271 8399 8459 8519 8537 8839 8862 8918 9048 9141 9185 9231 9347 9499 9500 9511 9518 9767 9803 9914 9930 9948 
[5,8]: 273 617 668 706 854 1126 1235 1260 1359 1420 1436 1450 1499 1653 1842 2034 2058 2094 2254 2258 2790 2804 2851 2894 3097 3464 3466 3575 3598 3663 3687 3691 3739 3981 4124 4141 4263 4362 4769 4821 4835 4883 4884 4897 5051 5286 5426 5474 5504 5756 5850 5948 5953 6122 6195 6244 6389 6575 6610 6641 6741 6947 7096 7245 7257 7372 7539 7632 7965 7995 8076 8101 8150 8335 8556 8644 8730 8732 9005 9020 9059 9138 9313 9479 9684 9900 9921 9954 9980 
[5,9]: 163 172 199 295 356 392 503 831 901 1105 1298 1409 1441 1688 1831 1981 2035 2191 2310 2399 2606 2897 3268 3441 3507 3508 3511 3700 3733 3841 3938 4021 4061 4067 4101 4493 4833 5003 5120 5574 5706 5716 5755 5898 5962 5991 6063 6121 6180 6227 6304 6388 6414 6636 6702 6709 6921 7012 7256 7453 7491 7720 7805 7969 7971 8010 8130 8190 8402 8432 8544 8642 8702 8712 8787 8790 8926 8992 9137 9155 9174 9269 9286 9296 9346 9355 9485 
[6,0]: 62 425 594 595 663 710 734 914 945 988 1012 1062 1089 1172 1267 1273 1556 1585 1748 1822 1909 2014 2025 2064 2130 2139 2140 2237 2298 2460 2552 2727 2801 2911 2949 3029 3124 3551 3609 3770 3824 3879 3898 3901 3956 4035 4224 4334 4435 4450 4525 4644 4735 4793 4807 4910 4922 4978 4997 5041 5423 5433 5595 6114 6137 6442 6485 6563 6675 6712 6753 6958 6991 7462 7506 7836 8029 8205 8212 8525 8660 8914 8929 8939 8972 9024 9240 9262 9264 9514 9520 9645 9722 9730 9757 9905 9967 
[6,1]: 109 123 133 211 221 321 409 454 456 496 853 858 957 1026 1030 1218 1271 1613 1639 1694 1781 1808 1928 1962 1980 2027 2160 2277 2318 2371 2416 2434 2467 2762 2921 3056 3135 3241 3244 3307 3318 3397 3450 3461 3471 3699 3777 3805 4103 4235 4301 4374 4602 4709 4721 4731 4754 4881 5038 5230 5415 5438 5527 5593 5612 5650 5690 5743 5767 5796 5828 5905 5958 5973 6061 6082 6138 6152 6165 6198 6296 6337 6344 6939 7014 7154 7224 7277 7309 7314 7541 7717 7766 7810 7854 7976 8091 8275 8346 8357 8376 8390 8474 8599 8657 8698 8704 9457 9493 9509 9610 9826 
[6,2]: 305 465 511 768 1070 1205 1278 1297 1320 1342 1383 1631 1682 1803 1961 2026 2066 2126 2146 2309 2476 2665 2694 2712 2732 2748 2888 2917 3015 3064 3559 3582 3602 3613 3651 3702 3889 3928 4077 4117 4171 4253 4749 4961 5222 5275 5282 5469 5557 5717 5785 5807 6027 6133 6156 6162 6281 6455 6537 6694 6853 6969 6976 7214 7251 7354 7384 7442 7467 7684 7742 7758 7761 7818 7822 7878 7896 8292 8385 8426 8524 8711 8801 8805 8815 9093 9103 9114 9162 9426 9676 9808 9873 9931 9943 9983 9990 
[6,3]: 82 120 177 239 251 357 473 492 537 578 581 629 678 719 751 817 926 1212 1429 1458 1489 1579 1763 1776 1899 1950 1997 2013 2046 2061 2106 2107 2116 2215 2432 2598 2600 2642 2809 3053 3165 3265 3333 3444 3576 3821 3863 3881 3951 4173 4222 4271 4357 4404 4419 4486 4524 4656 4704 4722 4778 4792 4811 4823 4832 4983 4986 4995 5196 5216 5289 5320 5531 5554 5715 5818 5852 5863 5977 6048 6056 6099 6320 6335 6409 6444 6857 6916 7022 7066 7099 7267 7452 7586 7591 7652 7700 7856 7955 8002 8008 8103 8114 8136 8165 8182 8348 8457 8550 8622 8651 8739 8772 9007 9208 9407 9531 9582 9729 9731 9812 
[6,4]: 39 73 159 397 405 413 573 599 640 644 675 745 832 922 1016 1141 1623 1649 1794 1911 2008 2044 2111 2171 2338 2398 2488 2542 2761 2837 2891 2968 3012 3101 3107 3418 3430 3552 3677 3851 4052 4183 4246 4436 4453 4541 4630 4888 5259 5356 5440 5819 5845 5869 5952 5978 6120 6292 6349 6380 6391 6407 6460 6507 6518 6595 6642 6659 6677 6883 6884 6911 7027 7075 7107 7116 7132 7153 7183 7208 7262 7523 7559 7610 7952 7984 8127 8244 8652 8766 8814 9098 9189 9209 9437 9537 9545 9583 9654 9727 9762 9956 
[6,5]: 42 115 263 326 455 587 589 649 715 787 838 932 1189 1257 1305 1740 1747 2002 2105 2119 2241 2472 2541 2549 2764 2772 2822 2989 2996 3162 3251 3517 3548 3571 3583 3655 4236 4292 4515 4549 4780 4992 5043 5097 5254 5278 5381 5453 5459 5494 5541 5662 5664 6126 6130 6204 6264 6496 6571 6688 6829 6868 6934 7164 7238 7307 7621 7681 7697 7842 7938 8043 8110 8238 8461 8464 8724 8791 8848 8982 9222 9307 9587 9683 9719 9778 9834 9865 9952 
[6,6]: 87 96 255 303 611 707 798 865 947 1151 1372 1424 1496 1505 1527 1610 1659 1670 1731 1754 1881 1998 2022 2118 2132 2205 2262 2268 2450 2491 2567 2614 2800 2886 3083 3192 3193 3270 3328 3692 3712 3776 3849 3876 4162 4379 4448 4458 4460 4552 4557 4796 4956 5025 5143 5153 5343 5614 5687 5708 5740 5872 6016 6034 6143 6233 6278 6309 6348 6382 6577 6722 6781 6851 6854 6905 7036 7094 7202 7211 7259 7317 7373 7450 7544 7566 7912 8144 8194 8210 8232 8363 8400 8404 8543 8598 8618 8628 8803 8904 8920 9060 9159 9363 9412 9462 9466 9478 9503 9817 
[6,7]: 49 150 244 360 551 564 608 806 809 848 868 1060 1157 1397 1498 1674 1705 1819 1860 1862 1982 1991 2174 2469 2500 2501 2721 2747 2913 2934 2940 3017 3086 3335 3640 3641 3665 3748 3813 3827 4208 4391 4544 4568 4577 4582 4624 4747 4794 4976 4988 5054 5144 5284 5302 5360 5511 5695 5696 5739 5808 6118 6147 6784 7026 7076 7133 7145 7244 7360 7417 7426 7562 7568 7583 7839 7841 8030 8040 8089 8113 8143 8161 8324 8395 8438 8726 8838 8986 9171 9182 9242 9273 9354 9585 9601 9666 9758 9838 9899 9964 
[6,8]: 3 112 222 329 421 450 480 490 586 730 752 915 1103 1149 1227 1237 1281 1312 1313 1334 1453 1549 1611 1900 2239 2304 2603 2612 2627 2708 2821 2840 2865 2955 3457 3766 3767 3934 4029 4079 4220 4241 4297 4616 4674 4697 4771 4825 4856 4857 4938 4981 5057 5173 5232 5467 5489 5598 5645 5733 5745 5770 6301 6403 6406 6416 6422 6454 6504 6565 6569 6647 6776 7013 7047 7102 7127 7195 7204 7609 7688 7755 7802 7867 8193 8301 8316 8431 8504 8516 8589 8866 8885 8913 8993 9051 9106 9294 9357 9554 
[6,9]: 26 65 95 170 233 247 328 699 742 931 1384 1734 1792 1977 2177 2223 2293 2468 2492 2505 2547 2595 2639 2704 2969 3018 3080 3267 3432 3499 3758 4011 4159 4306 4317 4431 4755 4779 4839 5333 5458 5667 5813 5901 5944 6142 6323 6522 6685 6841 6847 7043 7128 7283 7285 7387 7657 7756 7779 7957 8080 8137 8253 8300 8333 8551 8701 8829 9305 9353 9613 9783 9885 
[7,0]: 29 207 549 571 709 984 1098 1104 1228 1270 1318 1338 1566 1722 2185 2250 2302 2490 2537 2616 2713 2724 2767 2839 2846 2930 2973 2975 3286 3386 3406 3541 3684 3769 3950 3973 4042 4060 4120 4134 4632 4687 4702 4775 4880 5019 5024 5072 5092 5205 5225 5267 5357 5439 5466 5500 5625 6093 6108 6176 6468 6644 6790 7139 7266 7325 7434 7498 7500 7572 7641 7656 7898 7949 7950 7960 8045 8152 8243 8310 8351 8455 8592 8623 8626 8778 8798 8894 8960 9000 9012 9058 9255 9383 9644 9804 9939 9996 
[7,1]: 38 422 440 493 563 607 628 680 697 829 962 966 971 994 1005 1210 1250 1296 1533 1540 1583 1633 1762 1771 2249 2315 2503 2643 2743 2813 2819 2909 3071 3225 3377 3415 3439 3579 3587 3762 4046 4272 4336 4400 4446 4489 4566 4661 4844 4865 5001 5316 5420 5490 5498 5865 5876 5877 5963 5998 6218 6294 6327 6452 6493 6787 6843 7025 7228 7234 7533 7628 7680 7774 7786 7853 8283 8353 8364 8584 8585 8586 8614 8826 8872 8994 9009 9026 9150 9193 9243 9245 9334 9342 9362 9376 9523 9552 9721 
[7,2]: 78 556 610 627 704 736 828 923 958 1038 1088 1159 1255 1353 1464 1484 1729 1840 1863 1917 1944 2060 2187 2408 2430 2451 2563 2634 2662 2676 2688 2736 2742 2755 2782 2855 2983 3185 3376 3408 3478 3485 3502 3617 3623 3682 3706 3907 3953 3969 3982 4095 4126 4558 4672 4726 4751 4853 4875 4893 4955 4969 4991 4998 5007 5145 5283 5364 5495 5563 5669 6060 6123 6129 6250 6475 6481 6517 6543 6745 6774 6785 6794 6860 7029 7275 7289 7337 7355 7517 7603 7625 7771 7869 7904 8166 8224 8445 8446 8453 8587 8884 9041 9226 9365 9486 9564 9760 9840 9863 9876 9908 
[7,3]: 10 30 52 196 309 472 720 743 747 757 913 1007 1161 1301 1380 1456 1511 1558 1782 1821 1893 2263 2273 2289 2320 2522 2533 2555 2569 2590 2678 3235 3259 3351 3416 3442 3536 3595 3614 3812 3845 3971 3985 3994 4089 4122 4161 4293 4513 4753 4873 4891 5210 5233 5247 5446 5537 5671 5718 5964 6089 6098 6103 6186 6456 6527 6567 6757 6766 6951 6983 6986 7020 7167 7268 7297 7340 7507 7813 7814 7986 8048 8181 8263 8422 8467 8520 8792 8989 9025 9075 9187 9321 9364 9488 9519 9549 9625 9754 9951 
[7,4]: 191 193 290 335 495 781 1029 1116 1145 1169 1340 1387 1475 1811 1814 1852 2043 2067 2339 2693 2756 2763 2788 2918 3049 3171 3264 3354 3487 3533 3721 3754 3826 4032 4151 4172 4178 4180 4423 4471 4610 4657 4729 4828 4899 4952 4958 5011 5030 5086 5413 5502 5611 5678 5832 6315 6384 6450 6500 6653 6672 6751 6877 6920 6925 6945 6950 6989 7000 7058 7114 7436 7519 7565 7577 7726 7737 8269 8312 8369 8377 8378 8529 8570 8572 8762 9201 9340 9358 9381 9401 9487 9544 9635 9649 9747 9749 9779 9820 9848 9849 9859 9906 9937 
[7,5]: 158 272 283 406 434 476 522 846 866 918 941 1063 1092 1193 1243 1272 1467 1553 1761 1876 1918 2036 2109 2319 2446 2565 2579 2689 2850 2875 2924 2932 2946 3065 3125 3177 3198 3298 3311 3342 3359 3382 3546 3572 3681 3708 3711 3825 3847 3850 3865 3917 4154 4505 4619 4627 4911 5248 5264 5331 5404 5441 5503 5508 5635 5711 5891 5894 6054 6131 6293 6430 6613 6828 6873 6896 7015 7052 7263 7322 7475 7576 7622 7692 7703 7807 8106 8233 8337 8522 8566 8594 8672 8692 8696 8796 8800 8854 8859 8961 9382 9540 9816 9818 9941 
[7,6]: 127 452 700 799 892 961 1040 1101 1124 1395 1422 1515 1536 1604 1608 1805 1828 1929 2170 2257 2274 2523 2525 2539 2646 3130 3204 3216 3458 3558 3705 3908 4287 4307 4366 4454 4466 4504 4553 4635 4675 4772 4783 4852 4870 5082 5109 5211 5219 5389 5395 5462 5464 5608 5653 5913 5931 6053 6069 6202 6203 6383 6609 6772 6912 7001 7039 7093 7264 7304 7376 7435 7840 8063 8221 8471 8482 8564 8679 8908 8930 8945 8988 9090 9218 9274 9399 9548 9559 9662 9764 9780 9861 9897 
[7,7]: 7 17 58 86 229 253 262 460 523 576 582 690 827 907 1362 1462 1514 1728 1889 2183 2356 2418 2437 2776 2872 2910 2972 2993 3330 3394 3402 3495 3516 3596 3631 3694 3787 3788 3828 3830 3864 3922 4065 4119 4259 4476 4639 4762 5493 5758 6064 6136 6183 6199 6256 6308 6313 6352 6368 6402 6423 6614 6711 6979 7063 7273 7330 7464 7582 7659 7777 8168 8287 8384 8694 8810 8833 8927 8933 9045 9223 9268 9315 9366 9385 9389 9510 9526 9550 9607 9612 9620 9642 9795 9846 9847 9910 9928 
[7,8]: 8 19 166 225 234 353 401 431 499 667 1043 1055 1071 1315 1597 1663 1706 1725 1888 2021 2127 2211 2286 2287 2306 2520 2902 2903 2933 2951 2971 3011 3181 3211 3290 3392 3420 3423 3469 3484 3521 3591 3713 3832 3890 3978 3986 4127 4354 4363 4425 4433 4653 4885 4946 4977 5099 5136 5263 5330 5431 5451 5510 5746 5821 5843 6050 6223 6285 6298 6360 6492 6531 6541 6585 6626 6895 6956 7042 7181 7327 7343 7389 7411 7514 7631 7713 7749 7780 7940 8254 8281 8343 8366 8420 8534 8560 8910 8916 9056 9194 9360 9375 9472 9571 9671 9672 9750 9850 
[7,9]: 4 31 40 157 236 293 318 469 481 626 671 953 1094 1198 1327 1332 1655 1675 1960 2001 2151 2204 2299 2344 2360 2366 2459 2601 2703 2730 2954 3021 3214 3230 3315 3567 3925 3963 3977 4020 4036 4039 4062 4249 4281 4393 4571 4626 4719 4829 5062 5115 5296 5344 5378 5397 5530 5565 5576 5578 5844 5979 6029 6037 6140 6340 6376 6436 6439 6606 6695 6713 6782 6844 7149 7168 7200 7578 7663 7710 7868 7966 8031 8072 8112 8219 8387 8427 8512 8797 8944 9129 9184 9233 9237 9302 9348 9430 9473 9698 9833 9868 9872 9919 9920 
[8,0]: 21 48 135 156 494 593 939 1091 1102 1117 1128 1175 1295 1299 1463 1508 1532 1546 1605 1700 1851 2316 2336 2421 2568 2593 2705 2862 3039 3069 3133 3409 3562 3589 3792 4192 4261 4437 4484 4556 4732 5301 5334 5341 5355 5476 5505 5604 5741 5776 5874 5882 5927 6038 6059 6312 6773 6798 6915 7064 7270 7396 7456 7497 7509 7590 7744 7884 7944 8023 8062 8162 8187 8220 8463 8476 8506 8682 8821 8883 8970 8973 9004 9006 9117 9165 9170 9210 9314 9345 9424 9440 9502 9522 9884 9903 
[8,1]: 27 205 227 249 313 515 588 811 934 1119 1127 1182 1211 1275 1378 1517 1528 1592 1784 1796 1817 1879 1884 1904 1935 2055 2265 2275 2374 2473 2550 2556 2573 2605 2610 2707 2982 3006 3173 3219 3301 3391 3670 3709 3883 3926 3944 3972 3983 4004 4024 4043 4094 4175 4264 4439 4507 4521 4745 4898 4912 4945 5226 5300 5350 5383 5534 5655 5694 5710 5725 5880 5922 6058 6205 6254 6580 6692 6885 7010 7115 7252 7254 7380 7390 7404 7887 7993 8146 8242 8258 8290 8436 8548 8686 9047 9077 9287 9339 9441 9460 9632 9638 9753 
[8,2]: 74 122 183 201 224 267 315 424 554 579 606 616 975 1076 1133 1385 1404 1513 1570 1709 1741 1765 1857 1987 2004 2347 2443 2648 2905 2981 2990 2999 3043 3222 3580 3626 3811 4073 4407 4452 4542 4622 4633 4646 4820 4900 4919 5417 5448 5454 5535 5577 5744 5781 5857 5897 5906 5954 6013 6032 6041 6365 6394 6401 6529 6839 6863 6892 6899 6924 6937 7060 7138 7261 7358 7474 7531 7554 7557 7570 7640 7793 7809 7871 7978 8231 8260 8391 8563 8697 8725 8738 8924 8971 8990 9002 9074 9542 9567 9626 9690 
[8,3]: 98 164 478 658 783 789 797 972 1037 1057 1165 1310 1344 1469 1599 1625 1856 2005 2283 2317 2327 2349 2394 2426 2515 2638 2806 2945 3067 3093 3106 3161 3314 3381 3429 3431 3616 3660 3807 3877 4044 4075 4100 4157 4418 4426 4440 4797 4905 5012 5046 5472 5626 5691 5766 6009 6144 6169 6300 6303 6321 6418 6432 6513 6514 6747 6780 7034 7179 7203 7503 7604 7831 7990 8215 8267 8608 8659 8671 8783 8812 8955 9034 9071 9102 9127 9271 9293 9443 9534 9597 9765 9809 
[8,4]: 16 117 471 591 753 849 876 883 889 1150 1170 1221 1531 1539 1602 1788 1818 1923 2056 2076 2281 2292 2337 2357 2359 2388 2502 2524 2710 2774 2785 2787 2845 2852 3550 3564 3566 3697 3941 4184 4251 4300 4463 4603 4623 4680 4861 4947 4996 5016 5020 5053 5176 5245 5269 5437 5616 5648 5723 5912 6336 6356 6519 6549 6596 6670 6768 6805 6902 7018 7077 7174 7230 7241 7253 7296 7318 7728 7830 7860 7866 7929 7959 8005 8117 8118 8164 8207 8240 8468 8469 8634 9133 9175 9309 9445 9449 9533 9744 
[8,5]: 243 336 375 631 682 860 935 1033 1044 1223 1259 1284 1331 1612 1850 1999 2392 2462 2478 2481 2792 2812 2884 2962 2978 3062 3128 3253 3272 3283 3384 3561 3662 3737 4204 4529 4609 4659 4692 4903 4934 5026 5068 5238 5347 5859 5920 6211 6252 6330 6431 6499 6534 6658 6678 6706 6750 6755 6762 6786 6952 7101 7227 7239 7487 7525 7669 7752 8331 8350 8361 8397 8413 8488 8493 8600 8665 8763 8769 9010 9019 9062 9235 9256 9279 9455 9558 9608 9713 9768 
[8,6]: 13 56 101 240 528 566 705 729 904 1083 1163 1401 1470 1472 1562 1617 1628 1636 1668 1710 1753 1775 1787 1943 1949 2030 2484 2497 2697 2780 2976 3040 3072 3123 3146 3277 3288 3363 3514 3535 3630 3746 3780 4226 4368 4434 4497 4514 4546 4720 4929 5013 5198 5213 5309 5340 5412 5666 5670 5800 5860 5870 6091 6135 6226 6267 6268 6269 6282 6363 6395 6428 6665 6732 6820 6953 7059 7381 7392 7482 7581 7587 7592 7599 7712 7882 7919 8024 8079 8229 8239 8252 8282 8502 8509 8554 8678 8714 8767 8830 8861 8870 9111 9289 9527 9551 9655 9707 9712 
[8,7]: 23 47 137 215 332 337 419 516 665 676 796 1048 1350 1698 1789 1875 1895 1932 2173 2175 2232 2296 2364 2444 2513 2626 2681 2817 3231 3279 3472 3537 3637 3668 3671 3796 3829 4081 4153 4196 4231 4390 4618 4670 4930 4971 5006 5049 5122 5157 5181 5276 5375 5719 5797 5820 5900 5990 6001 6342 6396 6472 6629 6821 7105 7187 7438 7666 7729 7763 8093 8141 8434 8443 8596 8656 8700 8729 8969 8997 9046 9272 9325 9433 9774 9845 9909 
[8,8]: 100 176 190 248 314 512 538 597 623 764 778 963 991 1113 1154 1164 1217 1277 1374 1448 1482 1547 1595 1721 1783 1854 2417 2899 2967 3108 3166 3309 3367 3410 3556 3719 3836 3859 3869 3918 3987 4033 4179 4213 4237 4239 4665 4818 4862 4937 5023 5040 5165 5170 5175 5345 5354 5396 5406 5491 5558 6106 6127 6154 6181 6258 6350 6377 6542 6701 6914 6971 7260 7271 7301 7366 7597 7639 7767 7999 8069 8120 8313 8396 8429 8727 8892 8934 9033 9206 9555 9588 9622 9686 9687 9819 9970 9974 
[8,9]: 67 110 486 517 530 795 850 1049 1095 1118 1206 1234 1289 1337 1381 1426 1433 1435 1440 1887 2108 2295 2328 2529 2534 2700 2711 2974 3004 3088 3560 3642 3974 4013 4054 4088 4102 4232 4291 4455 4467 4518 4532 4536 4678 4723 5221 5268 5445 5757 5763 5795 5847 5910 5935 5987 6045 6062 6074 6217 6242 6359 6398 6433 6544 6681 6738 7040 7225 7246 7306 7419 7483 7488 7508 7627 7678 7704 7732 7797 7828 8017 8115 8116 8142 8246 8447 8510 8666 8922 8950 9224 9228 9250 9280 9368 9640 9685 9702 9740 9766 9792 9824 9855 9858 9883 
[9,0]: 66 77 186 216 268 274 331 393 429 605 686 794 928 985 990 1129 1152 1183 1240 1356 1457 1495 1940 2049 2075 2244 2621 2987 3157 3292 3300 3313 3358 3435 3437 3597 3603 3723 3781 3794 3857 3942 4194 4305 4346 4494 4612 4705 4808 5036 5063 5163 5212 5280 5336 5432 5638 5892 5925 6317 6498 6554 6597 6640 6651 6656 6742 6804 6913 7062 7286 7293 7379 7408 7416 7945 7962 8020 8046 8206 8209 8305 8328 8403 8526 8561 8573 8858 8932 9247 9319 9427 9448 9464 9495 9570 9578 9590 9739 9938 9946 9950 
[9,1]: 70 147 358 379 723 759 1058 1196 1392 1519 1634 1743 1812 2003 2065 2074 2090 2326 2363 2431 2608 2684 2714 2740 2963 3008 3206 3534 3542 3750 3752 3806 4186 4326 4337 4355 4360 4364 4372 4392 4413 4465 4563 4604 4836 4923 4924 4928 5090 5098 5135 5339 5371 5372 5605 5679 5709 5791 5811 5854 5972 6139 6375 6385 6601 6680 6826 6963 7143 7255 7429 7642 7671 7939 7998 8039 8052 8145 8202 8416 8421 8549 8649 8736 9105 9680 9895 9911 
[9,2]: 91 531 548 574 766 771 885 1018 1269 1349 1371 1396 1591 1619 1669 1708 1846 1965 2054 2227 2267 2660 2746 2860 2980 2992 3120 3284 3310 3321 3436 3503 3610 4369 4537 4695 4826 4866 4960 5223 5249 5274 5299 5501 5704 5829 5923 5942 5950 6105 6170 6174 6566 6568 6646 6801 6850 6906 6996 6997 7057 7084 7129 7184 7250 7344 7352 7359 7522 7633 7782 7792 7827 7926 8195 8362 8374 8406 8541 8625 8685 8822 9115 9119 9246 9406 9476 9547 9689 9992 
[9,3]: 106 275 509 905 1192 1323 1389 1454 1480 1927 2071 2122 2124 2158 2288 2477 2538 2554 2591 2637 2856 2920 3051 3158 3163 3217 3240 3460 3476 3489 3605 3725 3802 4113 4143 4256 4289 4308 4309 4328 4462 4666 4696 4700 4725 4799 4837 5021 5146 5202 5313 5434 5461 5483 5885 5908 5981 5988 6272 6274 6307 6392 6649 6716 6830 7080 7086 7126 7212 7329 7351 7382 7502 7537 7561 7658 7748 7875 8027 8085 8412 8555 8619 8620 8650 8893 8940 9036 9144 9157 9179 9447 9461 9621 9717 9718 9756 9997 
[9,4]: 1 72 103 114 463 684 847 1008 1020 1226 1468 1524 1534 1681 1716 1810 1847 1964 2086 2159 2301 2329 2442 2458 2536 2667 2779 2791 2863 2895 2965 3058 3667 3753 3896 3958 4014 4051 4083 4202 4421 4499 4508 4851 4916 4949 5037 5260 5306 5398 5409 5416 5548 5647 5751 5765 5989 5992 6094 6318 6463 6535 6620 6726 6743 6849 6942 7017 7023 7201 7634 7685 7715 7739 7746 7837 7891 7893 7933 8184 8479 8489 8576 8832 8857 8890 8902 8965 9037 9100 9217 9221 9322 9822 9841 9962 
[9,5]: 51 316 542 569 598 633 774 777 1219 1373 1439 1537 1544 1590 1672 1777 1829 1916 1947 1972 2180 2361 2372 2447 2561 2682 2828 2907 2915 2966 3038 3041 3104 3116 3183 3245 3297 3380 3398 3411 3731 3819 3931 3980 4050 4105 4174 4177 4359 4399 4660 4663 4664 4683 4795 5290 5436 5517 5520 5564 5570 5579 5636 5681 5737 5772 5851 5879 5941 6000 6017 6072 6241 6516 6699 6760 6803 6812 6903 6922 7082 7151 7326 7357 7437 7546 7598 7645 7759 7820 7857 7865 7872 7905 7934 8109 8148 8297 8360 8393 8610 8669 8863 8864 8867 8905 8925 9295 9397 9410 9425 9438 9474 9576 9617 9663 
[9,6]: 383 482 497 498 689 780 843 874 1115 1134 1188 1357 1490 1686 1865 1931 1974 2048 2051 2470 2655 2757 3024 3143 3369 3375 3467 3545 3726 3756 3903 4063 4104 4116 4168 4189 4230 4273 4444 5034 5060 5123 5130 5174 5265 5288 5361 5556 5572 5731 5769 6025 6369 6445 6584 6671 6731 6978 7111 7131 7247 7313 7479 7481 7493 7571 7638 7695 7826 8262 8270 8322 8579 8658 8684 8781 9052 9123 9132 9331 9418 9652 9657 9777 9805 
[9,7]: 61 352 575 583 692 725 833 946 1015 1023 1220 1222 1249 1304 1352 1444 1451 1643 1756 1873 1883 1892 2006 2084 2098 2099 2149 2199 2216 2219 2264 2311 2350 2369 2506 2551 2680 2781 2931 2936 2948 3060 3174 3196 3510 3532 3727 3744 3814 3916 4070 4323 4473 4487 4634 4651 4746 4790 5069 5141 5240 5365 5456 5539 5567 5591 5790 5867 5881 6005 6297 6661 6666 6788 6795 6869 6891 7030 7249 7401 7490 7679 7794 8070 8174 8218 8248 8439 8583 8629 8705 8746 8917 9176 9203 9411 9436 9490 9546 9562 9586 9697 9708 9723 9802 9913 9981 
[9,8]: 81 178 188 231 304 411 532 659 739 1052 1096 1203 1209 1368 1507 1587 1637 1714 1760 1845 1913 1924 1958 2291 2297 2382 2424 2620 2647 2717 2835 2893 3075 3138 3285 3319 3357 3362 3463 3497 3634 3790 4018 4084 4267 4280 4384 4408 4474 4490 4682 4920 5150 5183 5189 5220 5291 5362 5435 5536 5630 5646 5680 5782 5798 5899 5911 5943 6113 6160 6191 6551 6564 6608 6728 6800 6886 6890 7121 7155 7510 7511 7674 7676 7858 7917 7946 8033 8099 8132 8465 8505 8508 8601 8703 8728 8752 8779 8784 8978 9164 9183 9297 9651 9658 9759 9862 
[9,9]: 108 256 547 596 642 775 779 803 819 839 862 969 1034 1140 1174 1181 1197 1351 1471 1526 1530 1588 1601 1622 1635 1651 1872 1984 2023 2129 2156 2252 2314 2346 2808 2849 3016 3134 3175 3210 3243 3350 3490 3621 3772 3999 4394 4495 4569 4629 4642 4649 4831 5018 5149 5298 5410 5848 6044 6117 6232 6329 6358 6427 6714 6872 6954 6955 6980 6999 7007 7055 7161 7292 7298 7584 7588 7650 7859 7913 7942 8083 8179 8213 8527 8741 8823 8901 9241 9419 9483 9515 9660 9695 9705 9709 9794 
